var numOfVertex = 64;
var geos = [
[0, 0, 0],
[1, 1, 0],
[2, 2, 0],
[3, 3, 0],
[4, 4, 0],
[5, 5, 0],
[6, 6, 0],
[7, 7, 0],
[8, 0, 1],
[9, 1, 1],
[10, 2, 1],
[11, 3, 1],
[12, 4, 1],
[13, 5, 1],
[14, 6, 1],
[15, 7, 1],
[16, 0, 2],
[17, 1, 2],
[18, 2, 2],
[19, 3, 2],
[20, 4, 2],
[21, 5, 2],
[22, 6, 2],
[23, 7, 2],
[24, 0, 3],
[25, 1, 3],
[26, 2, 3],
[27, 3, 3],
[28, 4, 3],
[29, 5, 3],
[30, 6, 3],
[31, 7, 3],
[32, 0, 4],
[33, 1, 4],
[34, 2, 4],
[35, 3, 4],
[36, 4, 4],
[37, 5, 4],
[38, 6, 4],
[39, 7, 4],
[40, 0, 5],
[41, 1, 5],
[42, 2, 5],
[43, 3, 5],
[44, 4, 5],
[45, 5, 5],
[46, 6, 5],
[47, 7, 5],
[48, 0, 6],
[49, 1, 6],
[50, 2, 6],
[51, 3, 6],
[52, 4, 6],
[53, 5, 6],
[54, 6, 6],
[55, 7, 6],
[56, 0, 7],
[57, 1, 7],
[58, 2, 7],
[59, 3, 7],
[60, 4, 7],
[61, 5, 7],
[62, 6, 7],
[63, 7, 7],
];
